14
0 30.0 900 43 aigle.png 0 
1 50.0 27 40 serpent.png 0
2 35.0 450 20 loup.png 0
3 35.0 900 245 oiseau.png 0
4 100.0 27 230 rat.png 0
5 25.0 450 215 grenouille.png 0
6 35.0 565 495 libellule.png 0
7 75.0 27 415 sauterelle.png 0
8 65.0 275 415 papillon.png 0
9 100.0 900 410 mouche.png 0
10 85.0 27 570 ble.png 0
11 75.0 205 570 fleurs.png 0
12 65.0 460 570 lavande.png 0
13 55.0 900 570 mangue.png 0

20
0 2 0 10.0
1 4 0 35.0
2 3 0 20.0 
3 4 1 45.0
4 2 1 20.0
5 4 2 65.0
6 3 2 35.0
7 7 5 65.0
8 7 4 30.0
9 6 5 65.0
10 6 3 35.0
11 8 5 55.0
12 9 3 35.0
13 9 6 45.0
14 9 5 65.0
15 10 7 80.0 
16 11 8 50.0
17 12 8 50.0
18 13 9 55.0
19 6 13 98.0
